-0.006393 0.023638
0.007449 0.045402
0.006022 0.083019
0.006986 0.120432
0.028350 0.178771
0.016032 0.194049
0.004199 0.209706
-0.006611 0.277088
0.015457 0.359300
0.018522 0.435767
0.033008 0.507657
0.088213 0.591831
0.150917 0.611141
0.215492 0.625502
0.279814 0.627625
0.281463 0.634766
0.283338 0.641851
0.285433 0.648873
0.287748 0.655825
0.290280 0.662701
0.293030 0.669493
0.295985 0.676195
0.299148 0.682799
0.302518 0.689301
0.306091 0.695692
0.309862 0.701969
0.313827 0.708122
0.317982 0.714147
0.326856 0.725789
0.433786 0.748370
0.439160 0.750635
0.444607 0.752730
0.450112 0.754652
0.455673 0.756400
0.461286 0.757972
0.466947 0.759366
0.472649 0.760581
0.478387 0.761616
0.484154 0.762470
0.489946 0.763143
0.495748 0.763632
0.501571 0.763939
0.507399 0.764062
0.513227 0.764001
0.519054 0.763757
0.524867 0.763330
0.530668 0.762720
0.536442 0.761928
0.542188 0.760954
0.547903 0.759800
0.553579 0.758467
0.559207 0.756955
0.564789 0.755267
0.570312 0.753404
0.575771 0.751368
0.581166 0.749161
0.586488 0.746785
0.591737 0.744243
0.596901 0.741537
0.601976 0.738669
0.606956 0.735643
0.611840 0.732462
0.616621 0.729127
0.621298 0.725645
0.625859 0.722016
0.630307 0.718246
0.634635 0.714336
0.638831 0.710293
0.642901 0.706119
0.646837 0.701819
0.650633 0.697397
0.654294 0.692856
0.657809 0.688203
0.661174 0.683441
0.664391 0.678575
0.667452 0.673609
0.670355 0.668550
0.673099 0.663401
0.675681 0.658168
0.678092 0.652856
0.680333 0.647470
0.682405 0.642016
0.684306 0.636498
0.686031 0.630923
0.687578 0.625296
0.688947 0.619622
0.721402 0.617484
0.753679 0.615089
0.786670 0.603687
0.818409 0.599791
0.880566 0.556079
0.906228 0.510767
0.929528 0.473599
0.933559 0.392242
0.929779 0.320607
0.924168 0.260321
0.922044 0.211988
0.927812 0.175954
0.931226 0.139422
0.932266 0.102540
0.930903 0.065458
0.944210 0.041801
0.974385 0.032877
1.005011 0.025653
1.035992 0.020148
1.067233 0.016383
1.084612 0.034259
1.086189 0.072415
1.085356 0.110371
1.082140 0.147981
1.088640 0.203177
1.089979 0.257528
1.086300 0.310558
1.084335 0.379835
1.090294 0.398061
1.078043 0.464032
1.084117 0.500096
1.087918 0.536468
1.117578 0.587056
1.196732 0.638315
1.223219 0.635800
1.297284 0.651763
1.321467 0.649136
1.345008 0.646287
1.409308 0.664859
1.430188 0.661850
1.450337 0.658634
1.469740 0.655217
1.488380 0.651609
1.506243 0.647817
1.523307 0.643848
1.539568 0.639713
1.597085 0.587451
1.653635 0.519115
1.659917 0.513363
1.669706 0.501898
1.679745 0.521768
1.681981 0.553156
1.682461 0.584620
1.682196 0.590078
1.681184 0.616060
1.681688 0.621539
1.681253 0.626989
1.679425 0.652922
1.679757 0.658420
1.679150 0.663849
1.676508 0.689718
1.676667 0.695217
1.675886 0.700625
1.672437 0.726397
1.672418 0.731902
1.671473 0.737281
1.667211 0.762933
1.667025 0.768432
1.665910 0.773780
1.660845 0.799286
1.660486 0.804775
1.659200 0.810085
1.653341 0.835420
1.652805 0.840896
1.651350 0.846164
1.644700 0.871300
1.643991 0.876757
1.642380 0.881975
1.634935 0.906892
1.634063 0.912323
1.632286 0.917487
1.624066 0.942157
1.623020 0.947559
1.621078 0.952665
1.612090 0.977065
1.610872 0.982430
1.608776 0.987474
1.599020 1.011580
1.597641 1.016903
1.595389 1.021876
1.584879 1.045665
1.583335 1.050941
1.580925 1.055841
1.569676 1.079289
1.567963 1.084514
1.565402 1.089335
1.553421 1.112418
1.551546 1.117586
1.548837 1.122324
1.536134 1.145021
1.534100 1.150127
1.531245 1.154777
1.517834 1.177063
1.515642 1.182103
1.512642 1.186660
1.498537 1.208516
1.496189 1.213483
1.493046 1.217944
1.478264 1.239345
1.475760 1.244235
1.472481 1.248594
1.457031 1.269521
1.454375 1.274331
1.450957 1.278584
1.434862 1.299016
1.432053 1.303739
1.428506 1.307883
1.411773 1.327800
1.408821 1.332431
1.405146 1.336462
1.387796 1.355843
1.384700 1.360379
1.380901 1.364291
1.362950 1.383119
1.359714 1.387554
1.355795 1.391344
1.337260 1.409599
1.333887 1.413931
1.329850 1.417595
1.310752 1.435260
1.307244 1.439483
1.303094 1.443019
1.283450 1.460074
1.279812 1.464185
1.275556 1.467586
1.255383 1.484018
1.251620 1.488012
1.247257 1.491278
1.226579 1.507069
1.222690 1.510941
1.218225 1.514068
1.197064 1.529202
1.193054 1.532949
1.188496 1.535934
1.166867 1.550396
1.162743 1.554017
1.158091 1.556855
1.136022 1.570632
1.131784 1.574118
1.127047 1.576810
1.104553 1.589887
1.100210 1.593239
1.095393 1.595780
1.072498 1.608144
1.068054 1.611357
1.063158 1.613744
1.039887 1.625385
1.035342 1.628456
1.030375 1.630688
1.006748 1.641592
1.002111 1.644518
0.997075 1.646592
0.973118 1.656749
0.968391 1.659528
0.963289 1.661442
0.939028 1.670842
0.934215 1.673470
0.929049 1.675223
0.904511 1.683857
0.899610 1.686332
0.894400 1.687920
0.869596 1.695780
0.864626 1.698099
0.859373 1.699523
0.834328 1.706600
0.829294 1.708761
0.823994 1.710018
0.798746 1.716307
0.793640 1.718307
0.788304 1.719397
0.762869 1.724890
0.757705 1.726729
0.752340 1.727650
0.726743 1.732341
0.721524 1.734017
0.716134 1.734768
0.690403 1.738653
0.685135 1.740163
0.679723 1.740744
0.653879 1.743820
0.648572 1.745163
0.643142 1.745573
0.617218 1.747837
0.611866 1.749011
0.606425 1.749249
0.580443 1.750699
0.575055 1.751704
0.569611 1.751770
0.543594 1.752404
0.538180 1.753238
0.532736 1.753133
0.506713 1.752949
0.501272 1.753613
0.495832 1.753336
0.469831 1.752336
0.464371 1.752828
0.458940 1.752379
0.432986 1.750564
0.427510 1.750883
0.422099 1.750264
0.396211 1.747634
0.390730 1.747780
0.385338 1.746992
0.359550 1.743550
0.354062 1.743524
0.348702 1.742566
0.323028 1.738316
0.317553 1.738118
0.312221 1.736990
0.286699 1.731938
0.281227 1.731566
0.275935 1.730271
0.250581 1.724420
0.245124 1.723876
0.239876 1.722415
0.214720 1.715771
0.209283 1.715056
0.204083 1.713430
0.179147 1.705999
0.173736 1.705113
0.168592 1.703324
0.143900 1.695115
0.138521 1.694058
0.133433 1.692108
0.109012 1.683127
0.103668 1.681902
0.098647 1.679792
0.074519 1.670050
0.069216 1.668656
0.064260 1.666389
0.040454 1.655894
0.035194 1.654334
0.030310 1.651912
0.006845 1.640674
0.001637 1.638950
-0.003169 1.636375
-0.026266 1.624409
-0.031421 1.622519
-0.036143 1.619795
-0.058854 1.607108
-0.063945 1.605058
-0.068579 1.602185
-0.090883 1.588791
-0.095904 1.586583
-0.100444 1.583566
-0.122316 1.569479
-0.127267 1.567112
-0.131710 1.563954
-0.153129 1.549186
-0.158005 1.546664
-0.162345 1.543368
-0.183290 1.527937
-0.188080 1.525263
-0.192320 1.521831
-0.212765 1.505750
-0.217474 1.502927
-0.221607 1.499362
-0.241534 1.482647
-0.246156 1.479676
-0.250170 1.475983
-0.269567 1.458652
-0.274087 1.455536
-0.277984 1.451719
-0.296826 1.433787
-0.301248 1.430531
-0.305023 1.426592
-0.323294 1.408077
-0.327609 1.404684
-0.331257 1.400629
-0.348937 1.381549
-0.353146 1.378021
-0.356665 1.373853
-0.373736 1.354228
-0.377831 1.350570
-0.381220 1.346292
-0.397665 1.326141
-0.401644 1.322356
-0.404898 1.317974
-0.420702 1.297315
-0.424562 1.293406
-0.427675 1.288923
-0.442822 1.267781
-0.446556 1.263752
-0.449528 1.259174
-0.464004 1.237565
-0.467609 1.233421
-0.470436 1.228749
-0.484227 1.206697
-0.487699 1.202443
-0.490379 1.197684
-0.503468 1.175211
-0.506808 1.170848
-0.509334 1.166009
-0.521713 1.143135
-0.524912 1.138668
-0.527289 1.133751
-0.538939 1.110500
-0.542000 1.105935
-0.544218 1.100946
-0.555135 1.077342
-0.558048 1.072682
-0.560108 1.067625
-0.570279 1.043690
-0.573043 1.038940
-0.574947 1.033818
-0.584359 1.009576
-0.586974 1.004744
-0.588710 0.999567
-0.597361 0.975040
-0.599819 0.970126
-0.601392 0.964897
-0.609268 0.940110
-0.611571 0.935122
-0.612982 0.929844
-0.620072 0.904826
-0.622220 0.899765
-0.623467 0.894444
-0.629765 0.869216
-0.631755 0.864091
-0.632832 0.858734
-0.638337 0.833319
-0.640163 0.828133
-0.641072 0.822746
-0.645775 0.797171
-0.647439 0.791930
-0.648175 0.786516
-0.652076 0.760807
-0.653570 0.755516
-0.654137 0.750082
-0.657227 0.724263
-0.658556 0.718927
-0.658953 0.713477
-0.641453 0.712810
-0.580172 0.707569
-0.567367 0.711320
-0.553714 0.714877
-0.539219 0.718232
-0.523901 0.721375
-0.415413 0.735344
-0.355849 0.711800
-0.333133 0.713138
-0.265055 0.691314
-0.196695 0.605510
-0.170651 0.566459
-0.166497 0.502626
-0.163779 0.481470
-0.176232 0.407765
-0.217132 0.362988
-0.253300 0.315602
-0.273948 0.303326
-0.293912 0.291118
-0.359272 0.282161
-0.376710 0.270915
-0.393393 0.259785
-0.409305 0.248786
-0.424437 0.237929
-0.438775 0.227233
-0.510418 0.208425
-0.520124 0.199265
-0.498294 0.176600
-0.475234 0.155192
-0.451014 0.135103
-0.425710 0.116397
-0.399403 0.099133
-0.372172 0.083365
-0.344103 0.069139
-0.315284 0.056507
-0.285805 0.045500
-0.255758 0.036156
-0.225235 0.028504
-0.194333 0.022568
-0.163149 0.018367
-0.131778 0.015912
-0.100318 0.015212
-0.068870 0.016270
-0.037529 0.019082
